




MY NOTES & RANKING
PROJECTIONS (Yahoo! / Fantasy Pros ECR)









GAMES

PASSING



RUSHING



RECEIVING



RETURN

MISC
FUM

TOTALPlayer
Pos
Team
Bye
Notes
Rank
Y!
Δ

Std
Δ

PPR
Δ

% Own
GP
GS
Comp
Inc
Yds
TD
Int
Sks
1st
Att
Yds
TD
1st
Tgt
Rec
Yds
TD
1st
Yds
TD
2PT
Total
Lost
Fan Pts
D. Johnson
RB
Ari
8

-
1
-


-


-

100%
16

0
0
0
0
0
0
0
277
1220
10
69.9
79.9
72.9
700
2
69.9
0
0
1
4
3
260
L. Bell
RB
Pit
9

-
2
-


-


-

100%
16

0
0
0
0
0
0
0
258
1255
9.1
68.6
73.6
70.6
585
2
55.5
0
0
1
3
1
251
A. Brown
WR
Pit
9

-
3
-


-


-

100%
16

0
0
0
0
0
0
0
0
0
0
0
162
112
1457
9.4
66.6
0
0
1
1
0
204
E. Elliott
RB
Dal
6

-
4
-


-


-

100%
16

0
0
0
0
0
0
0
290
1424
12.1
82.8
45.4
38.4
358
1
34.3
0
0
1
4
4
251
O. Beckham Jr.
WR
NYG
8

-
5
-


-


-

100%
16

0
0
0
0
0
0
0
1.1
8.5
0
0
157
98.3
1485
10.6
66.6
0
0
1.1
2.1
2.1
211
M. Evans
WR
TB
11

-
6
-


-


-

100%
16

0
0
0
0
0
0
0
0
0
0
0
144
91.3
1267
10.4
76.8
0
0
2.1
0
0
193
L. McCoy
RB
Buf
6

-
7
-


-


-

100%
16

0
0
0
0
0
0
0
241
1110
8
56.9
45.9
40.9
321
2
31.9
0
0
1
1
1
203
J. Jones
WR
Atl
5

-
8
-


-


-

100%
16

0
0
0
0
0
0
0
0
0
0
0
145
94.8
1432
8.4
71.7
0
0
1.1
1.1
1.1
194
M. Gordon
RB
LAC
9

-
9
-


-


-

99%
16

0
0
0
0
0
0
0
257
1087
8.9
61.3
55.4
43.5
400
1
38.6
0
0
0
4
2
204
J. Howard
RB
Chi
9

-
10
-


-


-

99%
16

0
0
0
0
0
0
0
265
1198
8.9
73.1
38.5
33.6
284
1
24.7
0
0
0
2
0
208
J. Ajayi
RB
Mia
11

-
11
-


-


-

99%
16

0
0
0
0
0
0
0
274
1248
9
64.2
40.1
34.5
268
1
22.1
0
0
0
2
1
210
A. Green
WR
Cin
6

-
12
-


-


-

100%
16

0
0
0
0
0
0
0
0
0
0
0
140
92.8
1338
9.4
68.8
0
0
0
0
0
190
D. Freeman
RB
Atl
5

-
13
-


-


-

100%
16

0
0
0
0
0
0
0
232
1032
8.8
62.6
52.6
48.7
461
1
41.7
0
0
0
1
1
206
J. Nelson
WR
GB
8

-
14
-


-


-

100%
16

0
0
0
0
0
0
0
0
0
0
0
138
91
1260
10.6
58.2
0
0
0
0
0
190
M. Thomas
WR
NO
5

-
15
-


-


-

100%
16

0
0
0
0
0
0
0
0
0
0
0
140
93.6
1201
9.4
63.4
0
0
0
0
0
177
D. Murray
RB
Ten
8

-
16
-


-


-

99%
16

0
0
0
0
0
0
0
253
1139
8
55.3
47.3
41.2
324
1
30.2
0
0
0
2
0
200
L. Fournette
RB
Jax
8

-
17
-


-


-

97%
16

0
0
0
0
0
0
0
267
1172
8.8
57.9
25.5
23.6
229
1
19.6
0
0
0
1
1
197
T. Hilton
WR
Ind
11

-
18
-


-


-

100%
16

0
0
0
0
0
0
0
0
0
0
0
145
90.2
1421
7.3
65
0
0
0
0
0
186
D. Bryant
WR
Dal
6

-
19
-


-


-

100%
16

0
0
0
0
0
0
0
0
0
0
0
138
91.8
1317
9.6
63
0
0
0
0
0
189
D. Baldwin
WR
Sea
6

-
20
-


-


-

99%
16

0
0
0
0
0
0
0
0
7.4
0
0
123
90.6
1170
9.5
50.6
0
0
1
0
0
177
L. Miller
RB
Hou
7

-
21
-


-


-

99%
16

0
0
0
0
0
0
0
231
995
6.9
44.6
35.7
34.9
233
1
27.7
0
0
0
2
1
168
T. Gurley
RB
LAR
8

-
22
-


-


-

99%
16

0
0
0
0
0
0
0
279
1126
7.9
56.1
42.3
37.4
306
1
30.5
0
0
0
2
2
193
I. Crowell
RB
Cle
9

-
23
-


-


-

94%
16

0
0
0
0
0
0
0
209
926
7
46.7
38.7
36.7
307
1
20.9
0
0
0
2
1
169
A. Cooper
WR
Oak
10

-
24
-


-


-

100%
16

0
0
0
0
0
0
0
0
0
0
0
140
90.8
1307
8.4
54.9
0
0
2.1
1.1
1.1
183
D. Hopkins
WR
Hou
7

-
25
-


-


-

99%
16

0
0
0
0
0
0
0
0
0
0
0
147
84.4
1068
7
60.6
0
0
1
0
0
151
B. Cooks
WR
NE
9

-
26
-


-


-

99%
16

0
0
0
0
0
0
0
5.2
58.5
0
2.1
127
89.9
1231
7.3
51.2
0
0
0
0
0
173
C. McCaffrey
RB
Car
11

-
27
-


-


-

94%
16

0
0
0
0
0
0
0
132
589
4.9
28.7
69.2
57.3
605
3
52.4
0
0
0
1
1
165
J. Mixon
RB
Cin
6

-
28
-


-


-

89%
16

0
0
0
0
0
0
0
159
713
6
36.1
27.1
37.2
332
1
28.1
0
0
0
3
2
143
D. Thomas
WR
Den
5

-
29
-


-


-

99%
16

0
0
0
0
0
0
0
0
0
0
0
139
89.9
1184
8.4
50.2
0
0
0
0
0
169
A. Rodgers
QB
GB
8

-
30
-


-


-

100%
16

372
194
4418
35.2
8
36.9
222
50.2
291
3
23.1
0
0
0
0
0
0
0
4
3
2
361
R. Gronkowski
TE
NE
9

-
31
-


-


-

100%
16

0
0
0
0
0
0
0
0
0
0
0
94.1
69.6
967
9.6
52.1
0
0
1.1
1.1
1.1
154
M. Gillislee
RB
NE
9

-
32
-


-


-

87%
16

0
0
0
0
0
0
0
190
812
9.1
32.5
14.2
11.2
78.2
0
3.1
0
0
0
1
1
142
T. Kelce
TE
KC
10

-
33
-


-


-

99%
16

0
0
0
0
0
0
0
0
0
0
0
115
83.6
1057
6
54.2
0
0
0
2
2
138
M. Lynch
RB
Oak
10

-
34
-


-


-

95%
16

0
0
0
0
0
0
0
222
929
8.1
48.4
13.1
26.2
193
0
5
0
0
0
1
1
159
T. Brady
QB
NE
9

-
35
-


-


-

100%
16

390
204
4715
36.5
8
22
229
24.3
54.6
1
25.3
0
0
0
0
0
0
0
3
2
0
344
T. Pryor Sr.
WR
Was
5

-
36
-


-


-

97%
16

0
0
0
0
0
0
0
8.3
73.3
0
4.1
127
80.6
1182
8.3
50.6
0
0
0
1
1
173
T. Montgomery
RB
GB
8

-
37
-


-


-

91%
16

0
0
0
0
0
0
0
124
552
3.1
32.5
59.9
53.8
495
2
42.6
0
0
0
2
2
131
S. Watkins
WR
Buf
6

-
38
-


-


-

97%
16

0
0
0
0
0
0
0
2.1
8.4
0
0
106
72.6
1054
8.4
48.4
0
0
0
0
0
157
A. Jeffery
WR
Phi
10

-
39
-


-


-

98%
16

0
0
0
0
0
0
0
0
0
0
0
120
76.4
1078
8.6
53.8
0
0
0
0
0
159
A. Robinson
WR
Jax
8

-
40
-


-


-

98%
16

0
0
0
0
0
0
0
0
0
0
0
146
82.9
1118
8.3
58
0
0
0
0
0
162
D. Brees
QB
NO
5

-
41
-


-


-

100%
16

434
210
4948
35
15
26
255
11
17
1
12
0
0
0
0
0
0
0
2
2
0
335
T. Hill
WR
KC
10

-
42
-


-


-

96%
16

0
0
0
0
0
0
0
30
245
1.7
9
95.3
67.2
723
5.3
39
0
1
1
0
0
147
C. Hyde
RB
SF
11

-
43
-


-


-

93%
16

0
0
0
0
0
0
0
211
909
7.1
51.2
38.4
31.5
223
1
18.7
0
0
0
1
1
160
D. Adams
WR
GB
8

-
44
-


-


-

97%
16

0
0
0
0
0
0
0
0
0
0
0
117
76.5
1035
9.3
45.5
0
0
0
1
1
157
M. Crabtree
WR
Oak
10

-
45
-


-


-

94%
16

0
0
0
0
0
0
0
0
0
0
0
139
86.2
996
7.5
54.3
0
0
1.1
0
0
147
G. Olsen
TE
Car
11

-
46
-


-


-

99%
16

0
0
0
0
0
0
0
0
0
0
0
123
80.9
1038
6.3
54.6
0
0
0
1.1
1.1
139
A. Luck
QB
Ind
11

-
47
-


-


-

98%
16

367
213
4515
30.1
14
41.9
220
65.2
312
3
21.1
0
0
0
0
0
0
0
3
4
3
336
M. Bryant
WR
Pit
9

-
48
-


-


-

90%
16

0
0
0
0
0
0
0
0
0
0
0
101
66.2
1059
8.7
46.6
0
0
0
1.1
0
158
S. Ware
RB
KC
10

-
49
-


-


-

92%
16

0
0
0
0
0
0
0
193
861
6
42.8
34.8
32.8
289
1
26.9
0
0
0
1
1
155
J. Reed
TE
Was
5

-
50
-


-


-

98%
16

0
0
0
0
0
0
0
0
0
0
0
101
74.1
887
7.5
45.9
0
0
0
1.1
1.1
132
E. Lacy
RB
Sea
6

-
51
-


-


-

92%
16

0
0
0
0
0
0
0
190
835
8.1
42.8
17.3
17.1
157
0.3
10.2
0
0
0
3
3
144
E. Sanders
WR
Den
5

-
52
-


-


-

93%
16

0
0
0
0
0
0
0
2.1
15.5
0
0
132
78.7
1093
6.2
48.7
0
0
0
0
0
148
K. Allen
WR
LAC
9

-
53
-


-


-

92%
16

0
0
0
0
0
0
0
0
0
0
0
117
78.8
911
7.1
41.4
0
0
0
0
0
134
M. Ingram
RB
NO
5

-
54
-


-


-

91%
16

0
0
0
0
0
0
0
186
845
5.9
44.5
41.5
37.5
285
1
23.7
0
0
0
3
1
152
C. Anderson
RB
Den
5

-
55
-


-


-

91%
16

0
0
0
0
0
0
0
186
777
6.9
37.5
35.5
35.5
291
1
30.6
0
0
0
1
1
152
J. Edelman
WR
NE
9

-
56
-


-


-

96%
16

0
0
0
0
0
0
0
3.2
46.9
0
1.1
138
93.5
1068
4.3
53.3
0
0
1.1
2.1
1.1
137
D. Cook
RB
Min
9

-
57
-


-


-

87%
16

0
0
0
0
0
0
0
168
738
6
33.1
42.1
38.1
344
1.8
32
0
0
0
2
2
151
J. Graham
TE
Sea
6

-
58
-


-


-

99%
16

0
0
0
0
0
0
0
0
0
0
0
105
74.8
976
7.5
51.3
0
0
1.1
1.1
1.1
143
L. Blount
RB
Phi
10

-
59
-


-


-

89%
16

0
0
0
0
0
0
0
177
737
9.1
36.2
5
8
55.3
0
2
0
0
0
0
0
134
J. Landry
WR
Mia
11

-
60
-


-


-

94%
16

0
0
0
0
0
0
0
4.1
21.5
0
1
133
94.7
1076
5.1
52.2
0
0
1
0
0
142
T. Coleman
RB
Atl
5

-
61
-


-


-

88%
16

0
0
0
0
0
0
0
161
755
5
33
38
34
366
1
30
0
0
0
0
0
148
J. Crowder
WR
Was
5

-
62
-


-


-

87%
16

0
0
0
0
0
0
0
4.1
23.5
0
0
110
78.8
988
5.1
48.1
0
0
0
0
0
132
M. Mariota
QB
Ten
8

-
63
-


-


-

97%
16

330
191
3950
28
11
28.9
184
64.9
412
3
22
0
0
0
0
0
0
0
3
7
5
314
L. Fitzgerald
WR
Ari
8

-
64
-


-


-

92%
16

0
0
0
0
0
0
0
0
0
0
0
132
86.8
940
5.2
47.4
0
0
1
0
0
127
R. Wilson
QB
Sea
6

-
65
-


-


-

98%
16

340
184
4140
27.1
10.9
37.7
188
80.3
420
3
20.1
0
0
0
0
0
0
0
2
4
1
325
A. Abdullah
RB
Det
7

-
66
-


-


-

78%
16

0
0
0
0
0
0
0
154
644
3.9
32.4
34.4
29.5
261
1
22.6
0
0
0
2
1
118
M. Ryan
QB
Atl
5

-
67
-


-


-

99%
16

366
187
4409
32.9
11
34.9
232
29.9
77.8
0
11
0
0
0
0
0
0
0
1
3
1
305
A. Peterson
RB
NO
5

-
68
-


-


-

89%
16

0
0
0
0
0
0
0
180
744
7.1
38.4
19.2
20.2
181
0
11.1
0
0
0
4
2
131
B. Powell
RB
NYJ
11

-
69
-


-


-

82%
16

0
0
0
0
0
0
0
180
787
4
46.5
55.4
50.3
362
1
31.6
0
0
0
1
0
145
W. Snead
WR
NO
5

-
70
-


-


-

88%
16

0
0
0
0
0
0
0
0
0
0
0
123
86.2
1043
5.2
47.7
0
0
0
1
0
136
J. Winston
QB
TB
11

-
71
-


-


-

95%
16

364
222
4310
30
15.7
30.8
218
55.6
143
1
10.9
0
0
0
0
0
0
0
2
7
4
293
F. Gore
RB
Ind
11

-
72
-


-


-

76%
16

0
0
0
0
0
0
0
156
585
2.6
29.4
21.3
21.3
135
1
16.2
0
0
0
1
0
94
P. Perkins
RB
NYG
8

-
73
-


-


-

80%
16

0
0
0
0
0
0
0
220
956
7.1
44.6
29.4
26.3
236
1
17.2
0
0
0
2
2
164
G. Tate
WR
Det
7

-
74
-


-


-

91%
16

0
0
0
0
0
0
0
3
13
0
0
140
91.3
1124
5
54.1
0
0
0
0
0
144
D. Moncrief
WR
Ind
11

-
75
-


-


-

87%
16

0
0
0
0
0
0
0
0
0
0
0
110
69.2
953
8.4
42.2
0
0
0
0
0
146
D. Jackson
WR
TB
11

-
76
-


-


-

91%
16

0
0
0
0
0
0
0
5.4
24.7
0
1.1
103
64.4
1075
7.5
48.3
0
0
0
2.2
2.2
151
C. Newton
QB
Car
11

-
77
-


-


-

95%
16

308
213
3900
23.8
12.9
31.8
174
95.2
475
5
29.7
0
0
0
0
0
0
0
3
3
0
322
D. Walker
TE
Ten
8

-
78
-


-


-

98%
16

0
0
0
0
0
0
0
0
0
0
0
98.4
65.2
814
6.3
35.6
0
0
0
2.1
1
117
B. Marshall
WR
NYG
8

-
79
-


-


-

90%
16

0
0
0
0
0
0
0
0
0
0
0
114
73.9
853
7.3
46.9
0
0
0
1
0
129
T. Williams
WR
LAC
9

-
80
-


-


-

83%
16

0
0
0
0
0
0
0
0
0
0
0
108
67.6
969
8.3
43.7
0
0
0
0
0
147
B. Roethlisberger
QB
Pit
9

-
81
-


-


-

94%
16

316
174
3859
28.5
10.9
29.8
185
15.1
11.1
0
8
0
0
0
0
0
0
0
5
5
1
267
K. Benjamin
WR
Car
11

-
82
-


-


-

90%
16

0
0
0
0
0
0
0
0
0
0
0
124
71.3
1006
8.5
49
0
0
0
0
0
152
S. Perine
RB
Was
5

-
83
-


-


-

50%
16

0
0
0
0
0
0
0
164
731
6.7
33.6
5.9
15.8
110
0
7.9
0
0
0
1
1
122
C. Meredith
WR
Chi
9

-
84
-


-


-

81%
16

0
0
0
0
0
0
0
0
0
0
0
106
70
870
6.3
42.8
0
0
0
0
0
125
K. Cousins
QB
Was
5

-
85
-


-


-

93%
16

396
215
4737
28.8
13
30
222
26.8
76.4
2
12.9
0
0
0
0
0
0
0
1
4
1
311
T. Eifert
TE
Cin
6

-
86
-


-


-

96%
16

0
0
0
0
0
0
0
0
0
0
0
85.3
58.4
739
7.1
46.3
0
0
0
1
1
115
D. Martin
RB
TB
11

-
87
-


-


-

66%
16

0
0
0
0
0
0
0
201
852
6.4
36.3
25.6
22.4
225
1.1
17.1
0
0
0
1.1
1.1
151
D. Parker
WR
Mia
11

-
88
-


-


-

86%
16

0
0
0
0
0
0
0
0
0
0
0
116
74.8
1059
8.3
42.7
0
0
0
0
0
156
P. Garcon
WR
SF
11

-
89
-


-


-

75%
16

0
0
0
0
0
0
0
0
0
0
0
124
77.4
963
5.2
39.2
0
0
0
0
0
128
K. Rudolph
TE
Min
9

-
90
-


-


-

93%
16

0
0
0
0
0
0
0
0
0
0
0
115
76.6
827
6.2
46.6
0
0
0
0
0
120
E. Decker
WR
Ten
8

-
91
-


-


-

81%
16

0
0
0
0
0
0
0
0
0
0
0
104
67.7
874
5.9
41.9
0
0
0
0
0
123
M. Bennett
TE
GB
8

-
92
-


-


-

95%
16

0
0
0
0
0
0
0
0
0
0
0
89.5
65.4
774
7.4
36.9
0
0
1.1
1.1
1.1
122
D. Henry
RB
Ten
8

-
93
-


-


-

60%
16

0
0
0
0
0
0
0
133
596
6
32.8
18.9
16.9
177
1
11.9
0
0
0
0
0
119
P. Rivers
QB
LAC
9

-
94
-


-


-

87%
16

352
213
4180
31.6
17
32.9
200
12.8
22.7
0
6.9
0
0
0
0
0
0
0
4
4
3
281
M. Forte
RB
NYJ
11

-
95
-


-


-

51%
16

0
0
0
0
0
0
0
144
613
3.9
23.5
37.3
36.4
317
1
21.6
0
0
0
1
0
122
D. Woodhead
RB
Bal
10

-
96
-


-


-

43%
16

0
0
0
0
0
0
0
57.8
242
0.9
11.3
56.6
59.1
498
1.9
41.5
0
0
0
1
1
89
Z. Ertz
TE
Phi
10

-
97
-


-


-

90%
16

0
0
0
0
0
0
0
0
0
0
0
101
75
811
5.1
40.5
0
0
1
1
1
112
D. Prescott
QB
Dal
6

-
98
-


-


-

94%
16

325
174
3937
24.5
8
22
192
58.5
342
4
0
0
0
0
0
0
0
0
1
4
1
306
J. Maclin
WR
Bal
10

-
99
-


-


-

73%
16

0
0
0
0
0
0
0
2
13.7
0
0
98.8
68.2
842
4.9
42.2
0
0
0
0
0
115
S. Diggs
WR
Min
9

-
100
-


-


-

84%
16

0
0
0
0
0
0
0
3.2
13.7
0
0
122
83.3
1007
5.3
46.4
0
0
0
0
0
134
J. Doyle
TE
Ind
11

-
101
-


-


-

79%
16

0
0
0
0
0
0
0
0
0
0
0
96
68.3
702
5.2
37.3
0
0
0
1
0
101
J. Stewart
RB
Car
11

-
102
-


-


-

51%
16

0
0
0
0
0
0
0
165
681
4.9
35.5
8.9
6.9
34.6
0
3
0
0
0
2
1
99
L. Murray
RB
Min
9

-
103
-


-


-

55%
16

0
0
0
0
0
0
0
166
724
5.8
39.9
26.9
19
166
0
7
0
0
0
3
1
122
A. Dalton
QB
Cin
6

-
104
-


-


-

80%
16

352
200
4144
26.9
11.9
36.8
194
51.7
165
2
18.9
0
0
0
0
0
0
0
2
5
2
290
K. Britt
WR
Cle
9

-
105
-


-


-

68%
16

0
0
0
0
0
0
0
0
0
0
0
102
64.5
916
6.3
37
0
0
0
0
0
129
M. Stafford
QB
Det
7

-
106
-


-


-

87%
16

387
211
4281
24.9
11
36.9
217
37.8
132
1
13.9
0
0
0
0
0
0
0
2
3
0
283
R. Cobb
WR
GB
8

-
107
-


-


-

82%
16

0
0
0
0
0
0
0
12.5
46.9
0
1
110
78.1
856
5.2
47.9
0
0
0
1
1
119
H. Henry
TE
LAC
9

-
108
-


-


-

86%
16

0
0
0
0
0
0
0
0
0
0
0
90.3
60.3
762
6.2
33.3
0
0
1.1
1.1
1.1
113
D. Carr
QB
Oak
10

-
109
-


-


-

92%
16

355
197
3997
28
11
19.9
187
34
67
1
12
0
0
0
0
0
0
0
2
3
1
276
J. Brown
WR
Ari
8

-
110
-


-


-

66%
16

0
0
0
0
0
0
0
0
0
0
0
114
71.7
1062
7.3
42.5
0
0
0
0
0
150
T. Riddick
RB
Det
7

-
111
-


-


-

24%
16

0
0
0
0
0
0
0
66.4
274
1
13.8
69.2
60.3
527
4
49.4
0
0
0
0
0
110
T. Taylor
QB
Buf
6

-
112
-


-


-

74%
16

311
176
3544
20.9
9
39.8
164
99.4
509
4
28.8
0
0
0
0
0
0
0
2
3
0
295
A. Thielen
WR
Min
9

-
113
-


-


-

69%
16

0
0
0
0
0
0
0
0
0
0
0
116
77.5
986
6.2
47.5
0
0
0
0
0
136
E. Manning
QB
NYG
8

-
114
-


-


-

78%
16

369
209
4136
27.6
16
24
186
15.1
13.1
0
5
0
0
0
0
0
0
0
2
4
2
261
M. Wallace
WR
Bal
10

-
116
-


-


-

66%
16

0
0
0
0
0
0
0
6.4
39.8
0
0
116
72
999
6.1
57
0
0
0
2.2
1.1
138
J. Matthews
WR
Phi
10

-
117
-


-


-

65%
16

0
0
0
0
0
0
0
0
0
0
0
109
70.8
892
5.3
47.6
0
0
0
0
0
121
E. Ebron
TE
Det
7

-
118
-


-


-

75%
16

0
0
0
0
0
0
0
0
0
0
0
88.9
63.3
659
3.9
33.1
0
0
0
0
0
89
C. Coleman
WR
Cle
9

-
119
-


-


-

59%
16

0
0
0
0
0
0
0
4.1
35.1
0
0
112
70.2
868
6.2
38.2
0
0
0
0
0
128
C. Davis
WR
Ten
8

-
120
-


-


-

58%
16

0
0
0
0
0
0
0
0
0
0
0
98.7
60.9
872
6.9
35.5
0
0
1
1
0
131
Q. Enunwa
WR
NYJ
11

-
121
-


-


-

20%
16

0
0
0
0
0
0
0
2
15.2
0
0
111
63.6
906
6.3
32.4
0
0
0
0
0
130
M. Jones Jr.
WR
Det
7

-
122
-


-


-

51%
16

0
0
0
0
0
0
0
0
0
0
0
113
61.7
939
5
41.8
0
0
0
0
0
124
C. Prosise
RB
Sea
6

-
123
-


-


-

23%
16

0
0
0
0
0
0
0
78.5
339
1
13.2
43.8
44.8
407
2
33.6
0
0
0
1
0
93
R. Matthews
WR
Ten
8

-
124
-


-


-

68%
16

0
0
0
0
0
0
0
0
0
0
0
113
70
1017
7.5
41.5
0
0
0
0
0
147
K. Dixon
RB
Bal
10

-
125
-


-


-

13%
16

0
0
0
0
0
0
0
131
561
4.3
34.4
39.8
38.7
228
1.1
33.3
0
0
0
1.1
1.1
109
B. Bortles
QB
Jax
8

-
126
-


-


-

53%
16

351
217
3951
24.7
15.9
36.9
186
48.4
293
2.8
16.8
0
0
0
0
0
0
0
4
5
5
285
C. Wentz
QB
Phi
10

-
127
-


-


-

58%
16

371
216
4013
22
12.9
33.8
192
42
169
1
14
0
0
0
0
0
0
0
3
8.9
3
259
R. Kelley
RB
Was
5

-
129
-


-


-

44%
16

0
0
0
0
0
0
0
139
604
4.3
22.7
17.8
12.4
101
0
6.9
0
0
0
2
1
94
B. Perriman
WR
Bal
10

-
130
-


-


-

25%
16

0
0
0
0
0
0
0
3.1
21.6
0
0
112
64.5
991
6.9
40.2
0
0
0
0
0
143
C. Palmer
QB
Ari
8

-
132
-


-


-

32%
16

333
204
3934
24
13.9
37.8
197
11
18
0
2
0
0
0
0
0
0
0
1
6
2
239
J. White
RB
NE
9

-
134
-


-


-

25%
16

0
0
0
0
0
0
0
53.7
240
1
9.9
66.1
59.2
558
3.9
52.3
0
0
1
0
0
111
T. Lockett
WR
Sea
6

-
135
-


-


-

25%
16

0
0
0
0
0
0
0
4.3
69.4
0
3.2
91.5
60.9
925
5.3
31
0
0
0
0
0
131
A. Gates
TE
LAC
9

-
136
-


-


-

60%
16

0
0
0
0
0
0
0
0
0
0
0
80.8
46.6
506
4.1
30.1
0
0
1.1
0
0
77
T. West
RB
Bal
10

-
137
-


-


-

34%
16

0
0
0
0
0
0
0
163
677
4.9
30.2
36
31.1
237
0.8
21.4
0
0
0
2
2
122
J. Hill
RB
Cin
6

-
138
-


-


-

40%
16

0
0
0
0
0
0
0
124
449
6.1
23.3
15.2
14.2
113
0
8.1
0
0
0
0
0
93
D. Johnson Jr.
RB
Cle
9

-
139
-


-


-

23%
16

0
0
0
0
0
0
0
89.5
415
1
18.2
60.6
58.6
618
1
51.5
0
0
0
0
0
115
T. Rawls
RB
Sea
6

-
140
-


-


-

23%
16

0
0
0
0
0
0
0
90
404
3.1
13.2
12.1
11.3
80
0
6.1
0
0
0
0
0
67
T. Ginn Jr.
WR
NO
5

-
141
-


-


-

26%
16

0
0
0
0
0
0
0
7.5
54.6
0
3.2
89.5
51.4
821
6.4
30
0
0
0
2.1
2.1
122
C. Brate
TE
TB
11

-
142
-


-


-

67%
16

0
0
0
0
0
0
0
0
0
0
0
80.8
54.9
622
4.9
39.4
0
0
0
0
0
92
C. Fiedorowicz
TE
Hou
7

-
144
-


-


-

50%
16

0
0
0
0
0
0
0
0
0
0
0
95.2
64
599
4
36
0
0
0
1
1
82
R. Tannehill
QB
Mia
11

-
145
-


-


-

12%
16

333
187
3938
23
12.9
29.8
177
42
185
2
9
0
0
0
0
0
0
0
1
3
0
269
J. Ross
WR
Cin
6

-
146
-


-


-

20%
16

0
0
0
0
0
0
0
5.3
34.7
0
0
80
44.2
795
5.3
25.3
0
0
0
1.1
1.1
113
J. Witten
TE
Dal
6

-
147
-


-


-

60%
16

0
0
0
0
0
0
0
0
0
0
0
85.3
62.3
609
3.1
29.6
0
0
0
0
0
80
W. Fuller V
WR
Hou
7

-
148
-


-


-

12%
16

0
0
0
0
0
0
0
5
32.9
0
0
96
50.9
786
4.2
29
0
0
0
0
0
107
S. Shepard
WR
NYG
8

-
149
-


-


-

30%
16

0
0
0
0
0
0
0
5.2
21.9
0
0
94.4
65.8
742
5.2
37.6
0
0
0
0
0
108
A. Hooper
TE
Atl
5

-
150
-


-


-

32%
16

0
0
0
0
0
0
0
0
0
0
0
64
44.4
520
4
24.8
0
0
0
0
0
76
G. Bernard
RB
Cin
6

-
152
-


-


-

14%
16

0
0
0
0
0
0
0
92.3
377
2
18.4
49.1
41.7
397
1
35.8
0
0
0
1
1
93
J. Flacco
QB
Bal
10

-
153
-


-


-

17%
16

386
201
4102
22.8
12.9
32.8
178
19.8
60.4
1
4
0
0
0
0
0
0
0
1
2
0
256
J. Thomas
TE
Mia
11

-
156
-


-


-

37%
16

0
0
0
0
0
0
0
0
0
0
0
83.3
55.5
596
5.5
32.9
0
0
0
1.1
1.1
90
K. White
WR
Chi
9

-
157
-


-


-

19%
16

0
0
0
0
0
0
0
0
0
0
0
108
62.8
871
7.1
41.5
0
0
0
1
1
128
C. Fleener
TE
NO
5

-
158
-


-


-

39%
16

0
0
0
0
0
0
0
0
0
0
0
83.3
57.1
690
5.1
33.6
0
0
0
0
0
100
R. Woods
WR
LAR
8

-
160
-


-


-

10%
16

0
0
0
0
0
0
0
0
0
0
0
114
73.6
829
4.1
46
0
0
0
0
0
108
J. Doctson
WR
Was
5

-
161
-


-


-

22%
16

0
0
0
0
0
0
0
0
0
0
0
92.8
60.2
776
5.2
33.2
0
0
0
0
0
109
K. Stills
WR
Mia
11

-
164
-


-


-

15%
16

0
0
0
0
0
0
0
0
0
0
0
90
54.2
867
5.4
33.6
0
0
0
0
0
119
J. Charles
RB
Den
5

-
166
-


-


-

35%
16

0
0
0
0
0
0
0
116
528
2.9
29.3
38.1
36.2
336
1
29.3
0
0
0
1
1
108
D. Njoku
TE
Cle
9

-
167
-


-


-

14%
16

0
0
0
0
0
0
0
0
0
0
0
70.3
48.4
528
3.4
26.1
0
0
0
2.1
2.1
69
Z. Jones
WR
Buf
6

-
168
-


-


-

14%
16

0
0
0
0
0
0
0
0
0
0
0
96
64.1
789
4.1
34.1
0
0
0
0
0
104
J. Nelson
WR
Ari
8

-
170
-


-


-

10%
16

0
0
0
0
0
0
0
7.4
70.1
0
1.1
80.8
43.5
813
4.2
23.4
0
0
0
0
0
114
J. Williams
RB
SF
11

-
171
-


-


-

11%
16

0
0
0
0
0
0
0
124
556
4.6
8.6
13.4
21.6
188
0
8.6
0
0
0
0
0
102
T. Gabriel
WR
Atl
5

-
172
-


-


-

16%
16

0
0
0
0
0
0
0
19.8
91.8
1.1
3.1
77.6
51.1
780
5.2
28.2
0
0
0
0
0
125
D. Sproles
RB
Phi
10

-
174
-


-


-

15%
16

0
0
0
0
0
0
0
58
254
1.1
14.6
51.2
49.1
476
2.1
36.5
0
0
0
0
0
92
A. Hurns
WR
Jax
8

-
176
-


-


-

12%
16

0
0
0
0
0
0
0
0
0
0
0
96.8
55.9
790
5.2
33.1
0
0
0
1.1
0
110
A. Kamara
RB
NO
5

-
177
-


-


-

8%
16

0
0
0
0
0
0
0
34.4
131
1
7.9
36.4
43.3
395
2
29.5
0
0
0
0
0
71
M. Mitchell
WR
NE
9

-
178
-


-


-

8%
16

0
0
0
0
0
0
0
0
0
0
0
59.9
40.6
534
3.2
24.6
0
0
0
0
0
73
C. Beasley
WR
Dal
6

-
179
-


-


-

18%
16

0
0
0
0
0
0
0
1
4.2
0
0
96
71.6
772
3.1
47.7
0
0
0
0
0
96
A. Smith
QB
KC
10

-
180
-


-


-

15%
16

289
144
3016
16.9
7
34
167
17.9
133
3
6
0
0
0
0
0
0
0
1
4
1
213
S. Bradford
QB
Min
9

-
181
-


-


-

13%
16

368
130
3622
21.1
8
40
179
13.1
34.2
0
4
0
0
0
0
0
0
0
0
5
3
219
M. Mack
RB
Ind
11

-
182
-


-


-

9%
16

0
0
0
0
0
0
0
99
442
3
17.9
12.9
11
109
0
8
0
0
0
1
1
71
Z. Miller
TE
Chi
9

-
183
-


-


-

12%
16

0
0
0
0
0
0
0
0
0
0
0
68.1
49.2
514
4
29.1
0
0
0
1
0
75
J. Williams
RB
GB
8

-
184
-


-


-

19%
16

0
0
0
0
0
0
0
122
554
6.1
22.4
7.1
6.1
32.6
0
3.1
0
0
0
0
0
95
D. Watson
QB
Hou
7

-
185
-


-


-

20%
16

265
167
3098
18
12
33
156
42.9
365
2
10
0
0
0
0
0
0
0
1
5
2
230
J. Rodgers
RB
TB
11

-
186
-


-


-

20%
16

0
0
0
0
0
0
0
60.3
249
2
11.2
23.4
27.5
215
0
13.3
0
0
0
0
0
58
R. Anderson
WR
NYJ
11

-
190
-


-


-

8%
16

0
0
0
0
0
0
0
7.1
33.6
0
1
82.3
50.9
701
3.1
29.5
0
0
0
0
0
92
J. Cook
TE
Oak
10

-
193
-


-


-

16%
16

0
0
0
0
0
0
0
0
0
0
0
78.5
49.6
540
4.2
28.5
0
0
0
0
0
79
R. Burkhead
RB
NE
9

-
195
-


-


-

8%
16

0
0
0
0
0
0
0
66.4
301
3
19.1
30.1
29.1
256
1
20.1
0
0
0
0
0
80
D. Funchess
WR
Car
11

-
196
-


-


-

8%
16

0
0
0
0
0
0
0
0
0
0
0
77.8
44.6
672
4.2
25.5
0
0
0
0
0
92
T. Yeldon
RB
Jax
8

-
197
-


-


-

7%
16

0
0
0
0
0
0
0
81.6
367
1.8
14.1
44.2
41.3
397
0.9
32.9
0
0
0
1
1
91
R. Turbin
RB
Ind
11

-
198
-


-


-

4%
16

0
0
0
0
0
0
0
90
365
3.1
13.4
24.7
23.7
193
1
15.4
0
0
0
0
0
80
T. Austin
WR
LAR
8

-
199
-


-


-

11%
16

0
0
0
0
0
0
0
28
184
1
5.2
109
72.1
743
4.1
38.4
0
0
0
0
0
123
D. Washington
RB
Oak
10

-
204
-


-


-

6%
16

0
0
0
0
0
0
0
78.5
370
2
17.2
33.4
30.3
302
1
21.2
0
0
0
0
0
85
D. Lewis
RB
NE
9

-
205
-


-


-

10%
16

0
0
0
0
0
0
0
45.6
216
1
9.2
35.9
33.8
308
2.1
25.6
0
0
0
0
0
71
C. Hogan
WR
NE
9

-
207
-


-


-

9%
16

0
0
0
0
0
0
0
0
0
0
0
52.9
33.9
467
3.1
19.5
0
0
0
0
0
65
O. Howard
TE
TB
11

-
208
-


-


-

41%
16

0
0
0
0
0
0
0
0
0
0
0
75.5
50.7
605
5.2
32.4
0
0
1.1
1.1
1.1
92
R. Mathews
RB
Phi
10

-
210
-


-


-

7%
16

0
0
0
0
0
0
0
132
572
4.9
34.5
20.9
18.8
162
1.1
13.6
0
0
1.1
1
1
110
M. Sanu
WR
Atl
5

-
211
-


-


-

12%
16

0
0
0
0
0
0
0
3.1
12.2
0
0
85.7
54.1
701
4.1
30.6
0
0
0
0
0
96
C. Sims
RB
TB
11

-
212
-


-


-

9%
16

0
0
0
0
0
0
0
86
361
2.9
16.6
53.7
42.9
411
2
40
0
0
0
1
1
105
T. Smith
WR
Phi
10

-
215
-


-


-

6%
16

0
0
0
0
0
0
0
0
0
0
0
90.8
55
730
6.5
36.7
0
0
0
0
0
112
J. McNichols
RB
TB
11

-
217
-


-


-

3%
16

0
0
0
0
0
0
0
36
144
1.2
5.8
16.5
11.6
95.3
0
7.8
0
0
0
0
0
31
M. Glennon
QB
Chi
9

-
219
-


-


-

7%
16

308
178
3394
20.8
13
30.9
165
12.9
33.7
0
3
0
0
0
0
0
0
0
1
4
2
207
T. Siemian
QB
Den
5

-
220
-


-


-

7%
16

195
125
2328
14
9
29
103
23.9
43.9
0
8
0
0
0
0
0
0
0
0
4
0
145
T. Boyd
WR
Cin
6

-
221
-


-


-

5%
16

0
0
0
0
0
0
0
9.4
45.9
0
1.1
78.5
50.1
649
3.1
29.2
0
0
0
0
0
88
C. Kupp
WR
LAR
8

-
222
-


-


-

7%
16

0
0
0
0
0
0
0
0
0
0
0
0
0
0
0
0
0
0
0
0
0
0
B. Hoyer
QB
SF
11

-
223
-


-


-

6%
16

265
168
3071
20.7
13
36
160
5.9
22.6
0
1
0
0
0
0
0
0
0
1
3
0
197
C. Kessler
QB
Cle
9

-
224
-


-


-

4%
16

257
152
2976
18.8
12.9
29.9
139
18.8
76.1
1
4.9
0
0
0
0
0
0
0
1
4
2
193
D. Foreman
RB
Hou
7

-
226
-


-


-

7%
16

0
0
0
0
0
0
0
99.3
430
5.9
18.8
10.9
11.3
80.2
0
6.9
0
0
0
1
1
84
C. Clay
TE
Buf
6

-
229
-


-


-

7%
16

0
0
0
0
0
0
0
0
0
0
0
82.3
55.4
544
5.1
21.4
0
0
0
1
1
83
B. LaFell
WR
Cin
6

-
230
-


-


-

6%
16

0
0
0
0
0
0
0
0
0
0
0
80
52.7
723
5.2
38.2
0
0
0
0
0
104
T. Benjamin
WR
LAC
9

-
232
-


-


-

5%
16

0
0
0
0
0
0
0
2.1
11.8
0
0
57.5
33.2
488
2.1
20.4
0
0
0
0
0
63
E. Engram
TE
NYG
8

-
233
-


-


-

14%
16

0
0
0
0
0
0
0
0
0
0
0
63.2
41.5
506
4.1
22.3
0
0
0
1
1
73
C. Conley
WR
KC
10

-
234
-


-


-

3%
16

0
0
0
0
0
0
0
0
0
0
0
74
45.7
585
2.6
24.5
0
0
0
0
0
74
A. Boldin
WR
Buf
6

-
235
-


-


-

7%
16

0
0
0
0
0
0
0
0
0
0
0
0
0
0
0
0
0
0
0
0
0
0
J. James
TE
Pit
9

-
237
-


-


-

10%
16

0
0
0
0
0
0
0
0
0
0
0
80
56
587
5
29.3
0
0
0
0
0
89
M. Floyd
WR
Min
9

-
238
-


-


-

5%
16

0
0
0
0
0
0
0
0
0
0
0
48.8
27.5
364
2.1
20.1
0
0
0
0
0
49
P. Lynch
QB
Den
5

-
239
-


-


-

4%
16

119
79.7
1298
7.9
7.9
11.9
46.6
4
12.9
0
2
0
0
0
0
0
0
0
0
2
0
77
M. Williams
WR
LAC
9

-
240
-


-


-

9%
16

0
0
0
0
0
0
0
0
0
0
0
89.5
52.9
740
6.3
28.6
0
0
0
1.1
1.1
110
J. McCown
QB
NYJ
11

-
242
-


-


-

3%
16

142
101
1633
8.9
9
21.9
74
7.9
43.4
0
1
0
0
0
0
0
0
0
1
6
4
90
E. Rogers
WR
Pit
9

-
244
-


-


-

4%
16

0
0
0
0
0
0
0
1
5.2
0
0
67.3
43.6
564
2.1
25.9
0
0
0
0
0
70
C. Samuel
WR
Car
11

-
247
-


-


-

6%
16

0
0
0
0
0
0
0
13.8
118
1.1
2.1
76.3
46.7
672
4.2
27.6
0
0
0
0
0
111
M. Wheaton
WR
Chi
9

-
249
-


-


-

3%
16

0
0
0
0
0
0
0
0
0
0
0
93.6
62.1
770
4.1
35.2
0
0
0
0
0
102
D. Allen
TE
NE
9

-
251
-


-


-

10%
16

0
0
0
0
0
0
0
0
0
0
0
57.5
39.9
467
5.4
28.1
0
0
0
0
0
79
A. Derby
TE
Den
5

-
255
-


-


-

1%
16

0
0
0
0
0
0
0
0
0
0
0
0
0
0
0
0
0
0
0
0
0
0
A. Seferian-Jenkins
TE
NYJ
11

-
256
-


-


-

3%
16

0
0
0
0
0
0
0
0
0
0
0
0
0
0
0
0
0
0
0
0
0
0
J. Goff
QB
LAR
8

-
258
-


-


-

7%
16

297
203
3076
15.8
16
32.9
158
13.8
32.6
0
4
0
0
0
0
0
0
0
1
5
3
170
P. Richardson
WR
Sea
6

-
259
-


-


-

3%
16

0
0
0
0
0
0
0
1.1
5.4
0
0
59.5
38
529
3.3
21.7
0
0
0
0
0
73
T. Williams
WR
Dal
6

-
261
-


-


-

4%
16

0
0
0
0
0
0
0
0
0
0
0
75.5
49.5
687
4.3
29.1
0
0
0
0
0
95
A. Wilson
WR
KC
10

-
262
-


-


-

1%
16

0
0
0
0
0
0
0
0
0
0
0
0
0
0
0
0
0
0
0
0
0
0
J. Richard
RB
Oak
10

-
263
-


-


-

6%
16

0
0
0
0
0
0
0
93
430
3.1
21.3
36.6
32.5
292
1
24.4
0
0
0
0
0
97
T. Higbee
TE
LAR
8

-
265
-


-


-

2%
16

0
0
0
0
0
0
0
0
0
0
0
59.1
44.4
400
1
29.9
0
0
0
0
0
46
K. Wright
WR
Chi
9

-
267
-


-


-

2%
16

0
0
0
0
0
0
0
0
0
0
0
0
0
0
0
0
0
0
0
0
0
0
J. Gordon
WR
Cle
9

-
268
-


-


-

5%
16

0
0
0
0
0
0
0
0
0
0
0
0
0
0
0
0
0
0
0
0
0
0
K. Golladay
WR
Det
7

-
269
-


-


-

5%
16

0
0
0
0
0
0
0
0
0
0
0
59.1
33.5
462
4.3
19.3
0
0
0
0
0
72
L. Kendricks
TE
GB
8

-
271
-


-


-

2%
16

0
0
0
0
0
0
0
0
0
0
0
57.5
38.8
370
2.2
21.5
0
0
0
0
0
50
D. Williams
RB
Pit
9

-
272
-


-


-

2%
16

0
0
0
0
0
0
0
0
0
0
0
0
0
0
0
0
0
0
0
0
0
0
M. Jones
RB
Was
5

-
273
-


-


-

3%
16

0
0
0
0
0
0
0
66.4
295
2
11.8
13.8
10.8
88.6
0
6.9
0
0
0
0
0
50
C. Kaepernick
QB
SF
11

-
274
-


-


-

2%
16

0
0
0
0
0
0
0
0
0
0
0
0
0
0
0
0
0
0
0
0
0
0
R. Jennings
RB
NYG
8

-
275
-


-


-

2%
16

0
0
0
0
0
0
0
0
0
0
0
0
0
0
0
0
0
0
0
0
0
0
L. Green
TE
Pit
9

-
276
-


-


-

7%
16

0
0
0
0
0
0
0
0
0
0
0
0
0
0
0
0
0
0
0
0
0
0
V. McDonald
TE
SF
11

-
277
-


-


-

2%
16

0
0
0
0
0
0
0
0
0
0
0
69.3
44.6
520
4
27.8
0
0
0
0
0
76
G. Barnidge
TE
Cle
9

-
278
-


-


-

2%
16

0
0
0
0
0
0
0
0
0
0
0
0
0
0
0
0
0
0
0
0
0
0
C. Ivory
RB
Jax
8

-
279
-


-


-

4%
16

0
0
0
0
0
0
0
60.8
245
2
11
11
11
121
0
6
0
0
0
0
0
49
T. Hightower
RB
SF
11

-
280
-


-


-

6%
16

0
0
0
0
0
0
0
64.8
239
2
10.8
18.6
17.7
184
0
12.8
0
0
0
0
0
54
M. Lee
WR
Jax
8

-
281
-


-


-

10%
16

0
0
0
0
0
0
0
6.2
40.8
0
0
109
66.5
928
5.2
31.2
0
0
0
0
0
128
D. Inman
WR
LAC
9

-
282
-


-


-

2%
16

0
0
0
0
0
0
0
0
0
0
0
61.6
38.5
555
3.1
27.1
0
0
0
0
0
74
J. Tamme
TE
Atl
5

-
284
-


-


-

1%
16

0
0
0
0
0
0
0
0
0
0
0
0
0
0
0
0
0
0
0
0
0
0
C. Michael
RB
Ind
11

-
286
-


-


-

2%
16

0
0
0
0
0
0
0
0
0
0
0
0
0
0
0
0
0
0
0
0
0
0
D. Pitta
TE
Bal
10

-
287
-


-


-

1%
16

0
0
0
0
0
0
0
0
0
0
0
0
0
0
0
0
0
0
0
0
0
0
V. Davis
TE
Was
5

-
289
-


-


-

3%
16

0
0
0
0
0
0
0
0
0
0
0
65.6
46.6
585
3
27.4
0
0
0
0
0
77
J. McKinnon
RB
Min
9

-
291
-


-


-

4%
16

0
0
0
0
0
0
0
66.4
276
2
17
45.9
38.9
343
1
31.9
0
0
0
0
0
80
E. Royal
WR
Chi
9

-
292
-


-


-

1%
16

0
0
0
0
0
0
0
0
0
0
0
0
0
0
0
0
0
0
0
0
0
0
D. Booker
RB
Den
5

-
294
-


-


-

6%
16

0
0
0
0
0
0
0
93.6
423
2
17.1
30.1
23.1
202
0
16.1
0
0
0
0
0
75
C. Thompson
RB
Was
5

-
296
-


-


-

5%
16

0
0
0
0
0
0
0
57.5
259
2
11.2
47.9
44.8
406
2
34.6
0
0
0
0
0
91
Z. Zenner
RB
Det
7

-
297
-


-


-

2%
16

0
0
0
0
0
0
0
46.4
199
2
8
27.1
18.1
189
0
13.1
0
0
0
0
0
51
G. Celek
TE
SF
11

-
298
-


-


-

1%
16

0
0
0
0
0
0
0
0
0
0
0
51.8
31
377
2
18
0
0
0
0
0
50
C. Walford
TE
Oak
10

-
300
-


-


-

1%
16

0
0
0
0
0
0
0
0
0
0
0
61
43.2
456
2.1
25.3
0
0
0
0
0
58
R. Griffin
TE
Hou
7

-
300
-


-


-

1%
16

0
0
0
0
0
0
0
0
0
0
0
0
0
0
0
0
0
0
0
0
0
0
S. Vereen
RB
NYG
8

-
300
-


-


-

4%
16

0
0
0
0
0
0
0
52.6
240
1.1
9.6
56.4
52.1
437
2.1
41.5
0
0
0
0
0
87
A. Humphries
WR
TB
11

-
300
-


-


-

2%
16

0
0
0
0
0
0
0
1
8.2
0
0
66.3
43.9
464
2
22.4
0
0
0
0
0
59
J. Forsett
RB
Den
5

-
300
-


-


-

1%
16

0
0
0
0
0
0
0
0
0
0
0
0
0
0
0
0
0
0
0
0
0
0
S. Roberts
WR
Oak
10

-
300
-


-


-

2%
16

0
0
0
0
0
0
0
0
0
0
0
80.8
48.3
559
4.2
26.2
0
0
0
0
0
81
D. Heyward-Bey
WR
Pit
9

-
300
-


-


-

0%
16

0
0
0
0
0
0
0
0
0
0
0
0
0
0
0
0
0
0
0
0
0
0
C. Gillmore
TE
Bal
10

-
300
-


-


-

0%
16

0
0
0
0
0
0
0
0
0
0
0
0
0
0
0
0
0
0
0
0
0
0
B. Gabbert
QB
Ari
8

-
300
-


-


-

1%
16

0
0
0
0
0
0
0
0
0
0
0
0
0
0
0
0
0
0
0
0
0
0
R. Rodgers
TE
GB
8

-
300
-


-


-

1%
16

0
0
0
0
0
0
0
0
0
0
0
0
0
0
0
0
0
0
0
0
0
0
D. Sims
TE
Chi
9

-
300
-


-


-

1%
16

0
0
0
0
0
0
0
0
0
0
0
43.1
30.5
373
3.2
16.8
0
0
0
0
0
57
C. Uzomah
TE
Cin
6

-
300
-


-


-

0%
16

0
0
0
0
0
0
0
0
0
0
0
0
0
0
0
0
0
0
0
0
0
0
M. Asiata
RB
Det
7

-
300
-


-


-

2%
16

0
0
0
0
0
0
0
53.7
205
3.9
9.7
19.5
18.5
151
0
4.9
0
0
0
0
0
59
W. Tye
TE
NYG
8

-
300
-


-


-

1%
16

0
0
0
0
0
0
0
0
0
0
0
0
0
0
0
0
0
0
0
0
0
0
J. Langford
RB
Chi
9

-
300
-


-


-

3%
16

0
0
0
0
0
0
0
43.9
174
2
9.2
25.4
23.4
191
0
15.2
0
0
0
0
0
49
J. Kerley
WR
SF
11

-
300
-


-


-

2%
16

0
0
0
0
0
0
0
0
0
0
0
91.5
58.1
659
3.1
28.3
0
0
0
0
0
85
K. Williams
RB
Ari
8

-
300
-


-


-

0%
16

0
0
0
0
0
0
0
52.9
238
2
9.8
13.7
12.8
109
0
7.9
0
0
0
0
0
47
S. Draughn
RB
NYG
8

-
300
-


-


-

0%
16

0
0
0
0
0
0
0
44.8
182
1
8.2
26.7
23.6
204
1
16.4
0
0
0
0
0
51
J. Starks
RB
GB
8

-
300
-


-


-

1%
16

0
0
0
0
0
0
0
0
0
0
0
0
0
0
0
0
0
0
0
0
0
0
D. Amendola
WR
NE
9

-
300
-


-


-

3%
16

0
0
0
0
0
0
0
0
0
0
0
0
0
0
0
0
0
0
0
0
0
0
B. Watson
TE
Bal
10

-
300
-


-


-

1%
16

0
0
0
0
0
0
0
0
0
0
0
0
0
0
0
0
0
0
0
0
0
0
V. Jackson
WR
TB
11

-
300
-


-


-

1%
16

0
0
0
0
0
0
0
0
0
0
0
0
0
0
0
0
0
0
0
0
0
0
G. Allison
WR
GB
8

-
300
-


-


-

1%
16

0
0
0
0
0
0
0
0
0
0
0
47.2
27.7
426
3.2
17.1
0
0
0
0
0
62
C. West
RB
KC
10

-
300
-


-


-

2%
16

0
0
0
0
0
0
0
50.3
207
1
9.8
38.3
33.4
229
1
28.5
0
0
0
0
0
56
J. Gresham
TE
Ari
8

-
300
-


-


-

1%
16

0
0
0
0
0
0
0
0
0
0
0
60.8
45.8
440
3.1
25
0
0
0
0
0
63
J. Hunter
WR
Pit
9

-
300
-


-


-

1%
16

0
0
0
0
0
0
0
0
0
0
0
0
0
0
0
0
0
0
0
0
0
0
V. Cruz
WR
Chi
9

-
300
-


-


-

3%
16

0
0
0
0
0
0
0
0
0
0
0
0
0
0
0
0
0
0
0
0
0
0
C. Johnson
RB
Ari
8

-
300
-


-


-

1%
16

0
0
0
0
0
0
0
0
0
0
0
0
0
0
0
0
0
0
0
0
0
0
S. DeValve
TE
Cle
9

-
300
-


-


-

1%
16

0
0
0
0
0
0
0
0
0
0
0
0
0
0
0
0
0
0
0
0
0
0
D. Green-Beckham
WR
Phi
10

-
300
-


-


-

1%
16

0
0
0
0
0
0
0
0
0
0
0
0
0
0
0
0
0
0
0
0
0
0
J. Kearse
WR
Sea
6

-
300
-


-


-

2%
16

0
0
0
0
0
0
0
0
0
0
0
68.5
40.4
517
3.1
21.7
0
0
0
0
0
70
S. Coates
WR
Pit
9

-
300
-


-


-

2%
16

0
0
0
0
0
0
0
0
0
0
0
0
0
0
0
0
0
0
0
0
0
0
M. Goodwin
WR
SF
11

-
300
-


-


-

2%
16

0
0
0
0
0
0
0
9.5
59
0
2.1
64
30.6
573
2.1
19
0
0
0
0
0
76
D. Fells
TE
Det
7

-
300
-


-


-

1%
16

0
0
0
0
0
0
0
0
0
0
0
0
0
0
0
0
0
0
0
0
0
0
D. Brown
TE
Chi
9

-
300
-


-


-

0%
16

0
0
0
0
0
0
0
0
0
0
0
0
0
0
0
0
0
0
0
0
0
0
P. Dorsett
WR
Ind
11

-
300
-


-


-

3%
16

0
0
0
0
0
0
0
3.2
11.9
0
0
77
43.3
746
4.3
23.8
0
0
0
0
0
102
E. Swoope
TE
Ind
11

-
300
-


-


-

1%
16

0
0
0
0
0
0
0
0
0
0
0
0
0
0
0
0
0
0
0
0
0
0
X. Grimble
TE
Pit
9

-
300
-


-


-

0%
16

0
0
0
0
0
0
0
0
0
0
0
0
0
0
0
0
0
0
0
0
0
0
V. Green
TE
Den
5

-
300
-


-


-

1%
16

0
0
0
0
0
0
0
0
0
0
0
48.8
31.9
377
3.1
20.6
0
0
0
0
0
56
B. Quick
WR
Was
5

-
300
-


-


-

1%
16

0
0
0
0
0
0
0
0
0
0
0
59.9
35.9
481
3.2
20.1
0
0
0
0
0
67
M. Moore
QB
Mia
11

-
300
-


-


-

2%
16

0
0
0
0
0
0
0
0
0
0
0
0
0
0
0
0
0
0
0
0
0
0
L. Donnell
TE
Bal
10

-
300
-


-


-

0%
16

0
0
0
0
0
0
0
0
0
0
0
0
0
0
0
0
0
0
0
0
0
0
T. Sharpe
WR
Ten
8

-
300
-


-


-

2%
16

0
0
0
0
0
0
0
0
0
0
0
78.4
45.7
574
1.1
24.4
0
0
0
0
0
64
M. Rivera
TE
Jax
8

-
300
-


-


-

0%
16

0
0
0
0
0
0
0
0
0
0
0
53.7
35.8
397
3
19.9
0
0
0
0
0
58
L. Toilolo
TE
Atl
5

-
300
-


-


-

0%
16

0
0
0
0
0
0
0
0
0
0
0
0
0
0
0
0
0
0
0
0
0
0
J. Hill
TE
NO
5

-
300
-


-


-

0%
16

0
0
0
0
0
0
0
0
0
0
0
48.8
32.9
331
3.1
18.5
0
0
0
0
0
52
R. Randle
WR
Chi
9

-
300
-


-


-

0%
16

0
0
0
0
0
0
0
0
0
0
0
0
0
0
0
0
0
0
0
0
0
0
L. Willson
TE
Sea
6

-
300
-


-


-

0%
16

0
0
0
0
0
0
0
0
0
0
0
0
0
0
0
0
0
0
0
0
0
0
J. Brown
WR
Ari
8

-
300
-


-


-

0%
16

0
0
0
0
0
0
0
0
0
0
0
53.7
31.7
442
1
18.4
0
0
0
0
0
50
D. McFadden
RB
Dal
6

-
300
-


-


-

11%
16

0
0
0
0
0
0
0
45
195
1
9.3
15.5
15.5
138
0
11.4
0
0
0
0
0
39
B. Osweiler
QB
Cle
9

-
300
-


-


-

3%
16

59.2
40.1
604
3.9
5
3
18.7
3
10.9
0
0
0
0
0
0
0
0
0
0
3
1
34
S. Johnson
WR
LAC
9

-
300
-


-


-

0%
16

0
0
0
0
0
0
0
0
0
0
0
0
0
0
0
0
0
0
0
0
0
0
C. Patterson
WR
Oak
10

-
300
-


-


-

3%
16

0
0
0
0
0
0
0
17.9
91.6
0
3.2
61
43.2
422
2.1
21.1
0
1
0
0
0
70
T. Burton
TE
Phi
10

-
300
-


-


-

0%
16

0
0
0
0
0
0
0
0
0
0
0
0
0
0
0
0
0
0
0
0
0
0
J. Heuerman
TE
Den
5

-
300
-


-


-

0%
16

0
0
0
0
0
0
0
0
0
0
0
0
0
0
0
0
0
0
0
0
0
0
K. Aiken
WR
Ind
11

-
300
-


-


-

2%
16

0
0
0
0
0
0
0
0
0
0
0
78.5
47.8
690
4.2
27.6
0
0
0
0
0
94
A. Fasano
TE
Mia
11

-
300
-


-


-

0%
16

0
0
0
0
0
0
0
0
0
0
0
0
0
0
0
0
0
0
0
0
0
0
B. Celek
TE
Phi
10

-
300
-


-


-

0%
16

0
0
0
0
0
0
0
0
0
0
0
0
0
0
0
0
0
0
0
0
0
0
